{
 "cells": [
  {
   "cell_type": "code",
   "execution_count": 1,
   "id": "0c977b8c",
   "metadata": {},
   "outputs": [],
   "source": [
    "# Загружаем библиотеки:\n",
    "# для работы с математикой\n",
    "import numpy as np"
   ]
  },
  {
   "cell_type": "code",
   "execution_count": 2,
   "id": "4d5bc438",
   "metadata": {},
   "outputs": [],
   "source": [
    "# Фиксируем начальное условие для генератора случайных чисел\n",
    "np.random.seed(42)"
   ]
  },
  {
   "cell_type": "code",
   "execution_count": 3,
   "id": "b216d810",
   "metadata": {},
   "outputs": [
    {
     "name": "stdout",
     "output_type": "stream",
     "text": [
      "A1 =\n",
      "[[6 3 7 4 6]\n",
      " [2 6 7 4 3]\n",
      " [7 7 2 5 4]\n",
      " [1 7 5 1 4]\n",
      " [0 5 8 0 2]]\n",
      "det A1 = -2580.0000000000005\n",
      "rang A1 = 5\n",
      "Собственные значения: [21.63088392+0.j         3.42889044+0.j        -4.47836617+0.j\n",
      " -1.7907041 +2.1355836j -1.7907041 -2.1355836j]\n",
      "Собственные значения λ4 и λ5 комплексные\n"
     ]
    }
   ],
   "source": [
    "# Создайте случайную матрицу А1 размерностью 5 на 5\n",
    "A1 = np.random.randint(0, 9, size = (5, 5))\n",
    "print(f'A1 =\\n{A1}')\n",
    "# Определитель, ранг и собственные значения\n",
    "print(f'det A1 = {np.linalg.det(A1)}')\n",
    "print(f'rang A1 = {np.linalg.matrix_rank(A1)}')\n",
    "print(f'Собственные значения: {np.linalg.eigvals(A1)}\\nСобственные значения λ4 и λ5 комплексные')"
   ]
  },
  {
   "cell_type": "code",
   "execution_count": 4,
   "id": "eebbd0c1",
   "metadata": {},
   "outputs": [
    {
     "name": "stdout",
     "output_type": "stream",
     "text": [
      "A1_T =\n",
      "[[6 3 7 4 6]\n",
      " [2 6 7 4 3]\n",
      " [7 7 2 5 4]\n",
      " [1 7 5 1 4]\n",
      " [0 5 8 0 2]]\n",
      "det A1_T = -2580.0000000000005\n",
      "Определители транспонированной и исходной матриц равны\n",
      "rang A1_T = 5\n",
      "Ранги транспонированной и исходной матриц равны\n",
      "Собственные значения: [21.63088392+0.j         3.42889044+0.j        -1.7907041 +2.1355836j\n",
      " -1.7907041 -2.1355836j -4.47836617+0.j       ]\n",
      "Собственные значения транспонированной и исходной матриц равны, но в данном случае часть из них переставлены местами\n"
     ]
    }
   ],
   "source": [
    "# Транспонируйте матрицу A1\n",
    "A1_T = np.transpose(A1)\n",
    "print(f'A1_T =\\n{A1}')\n",
    "# Определитель, ранг и собственные значения\n",
    "print(f'det A1_T = {np.linalg.det(A1_T)}\\nОпределители транспонированной и исходной матриц равны')\n",
    "print(f'rang A1_T = {np.linalg.matrix_rank(A1_T)}\\nРанги транспонированной и исходной матриц равны')\n",
    "print(f'Собственные значения: {np.linalg.eigvals(A1_T)}\\nСобственные значения транспонированной и исходной матриц равны, но в данном случае часть из них переставлены местами')"
   ]
  },
  {
   "cell_type": "code",
   "execution_count": 5,
   "id": "bc25327a",
   "metadata": {},
   "outputs": [
    {
     "name": "stdout",
     "output_type": "stream",
     "text": [
      "A1_inv =\n",
      "[[ 0.02906977 -0.25116279  0.21976744 -0.21046512  0.27093023]\n",
      " [-0.12403101 -0.02170543  0.10232558  0.07131783  0.05736434]\n",
      " [ 0.03488372  0.01860465 -0.01627907 -0.13255814  0.16511628]\n",
      " [-0.01744186  0.39069767 -0.09186047 -0.03372093 -0.28255814]\n",
      " [ 0.17054264 -0.02015504 -0.19069767  0.35193798 -0.30387597]]\n",
      "det A1_inv = -0.00038759689922480614\n",
      "Определитель обратной матрицы равен определителю исходной матрицы в степени -1: 1 / det A1 = -0.00038759689922480614\n",
      "rang A1_inv = 5\n",
      "Собственные значения: [ 0.29163953+0.j         -0.23054282+0.27494406j -0.23054282-0.27494406j\n",
      " -0.22329572+0.j          0.0462302 +0.j        ]\n",
      "Произведение исходной и обратной матриц даёт единичную матрицу:\n",
      "A1*A1_inv =\n",
      "[[ 1.00000000e+00  4.16333634e-17  0.00000000e+00 -1.11022302e-16\n",
      "   4.44089210e-16]\n",
      " [-2.77555756e-17  1.00000000e+00  0.00000000e+00  1.66533454e-16\n",
      "  -1.11022302e-16]\n",
      " [ 0.00000000e+00  8.32667268e-17  1.00000000e+00  2.22044605e-16\n",
      "   0.00000000e+00]\n",
      " [-1.11022302e-16  2.77555756e-17  0.00000000e+00  1.00000000e+00\n",
      "   0.00000000e+00]\n",
      " [-5.55111512e-17 -1.38777878e-17  5.55111512e-17  1.11022302e-16\n",
      "   1.00000000e+00]]\n"
     ]
    }
   ],
   "source": [
    "# Найдите обратную матрицу для А1\n",
    "A1_inv = np.linalg.inv(A1)\n",
    "print(f'A1_inv =\\n{A1_inv}')\n",
    "# Определитель, ранг и собственные значения\n",
    "print(f'det A1_inv = {np.linalg.det(A1_inv)}\\nОпределитель обратной матрицы равен определителю исходной матрицы в степени -1: 1 / det A1 = {np.linalg.det(A1) ** -1}')\n",
    "print(f'rang A1_inv = {np.linalg.matrix_rank(A1_inv)}')\n",
    "print(f'Собственные значения: {np.linalg.eigvals(A1_inv)}')\n",
    "print(f'Произведение исходной и обратной матриц даёт единичную матрицу:\\nA1*A1_inv =\\n{np.dot(A1, A1_inv)}')"
   ]
  },
  {
   "cell_type": "code",
   "execution_count": 6,
   "id": "cb053f4d",
   "metadata": {},
   "outputs": [
    {
     "name": "stdout",
     "output_type": "stream",
     "text": [
      "I =\n",
      "[[1. 0. 0. 0.]\n",
      " [0. 1. 0. 0.]\n",
      " [0. 0. 1. 0.]\n",
      " [0. 0. 0. 1.]]\n",
      "A2 =\n",
      "[[6 3 8 2]\n",
      " [4 2 6 4]\n",
      " [8 6 1 3]\n",
      " [8 1 8 4]]\n",
      "I*A2 =\n",
      "[[6. 0. 0. 0.]\n",
      " [0. 2. 0. 0.]\n",
      " [0. 0. 1. 0.]\n",
      " [0. 0. 0. 4.]]\n",
      "det I*A2 = 47.999999999999986\n",
      "rang I*A2 = 4\n",
      "Собственные значения: [6. 2. 1. 4.]\n"
     ]
    }
   ],
   "source": [
    "# Создайте диагональную матрицу - поэлементно перемножив единичную\n",
    "# матрицу I и случайную матрицу A2 размерности 4 на 4\n",
    "I = np.eye(4)\n",
    "print(f'I =\\n{I}')\n",
    "A2 = np.random.randint(0, 9, size = (4, 4))\n",
    "print(f'A2 =\\n{A2}')\n",
    "print(f'I*A2 =\\n{I*A2}')\n",
    "# Определитель, ранг и собственные значения\n",
    "print(f'det I*A2 = {np.linalg.det(I*A2)}')\n",
    "print(f'rang I*A2 = {np.linalg.matrix_rank(I*A2)}')\n",
    "print(f'Собственные значения: {np.linalg.eigvals(I*A2)}')"
   ]
  },
  {
   "cell_type": "code",
   "execution_count": 13,
   "id": "a16a136d",
   "metadata": {},
   "outputs": [
    {
     "name": "stdout",
     "output_type": "stream",
     "text": [
      "Z =\n",
      "[[0. 0. 0.]\n",
      " [0. 0. 0.]\n",
      " [0. 0. 0.]]\n",
      "det Z = 0.0\n",
      "rang Z = 0\n",
      "Собственные значения: [0. 0. 0.]\n",
      "Определитель, ранг и собственные значения равны нулю!\n"
     ]
    }
   ],
   "source": [
    "# Создайте нулевую матрицу размерности 3 на 3\n",
    "Z = np.zeros((3, 3))\n",
    "print(f'Z =\\n{Z}')\n",
    "# Определитель, ранг и собственные значения\n",
    "print(f'det Z = {np.linalg.det(Z)}')\n",
    "print(f'rang Z = {np.linalg.matrix_rank(Z)}')\n",
    "print(f'Собственные значения: {np.linalg.eigvals(Z)}')\n",
    "print('Определитель, ранг и собственные значения равны нулю!')"
   ]
  }
 ],
 "metadata": {
  "kernelspec": {
   "display_name": "Python 3",
   "language": "python",
   "name": "python3"
  },
  "language_info": {
   "codemirror_mode": {
    "name": "ipython",
    "version": 3
   },
   "file_extension": ".py",
   "mimetype": "text/x-python",
   "name": "python",
   "nbconvert_exporter": "python",
   "pygments_lexer": "ipython3",
   "version": "3.8.8"
  }
 },
 "nbformat": 4,
 "nbformat_minor": 5
}
